nan
nan
nan
nan
nan
nan
nan
nan
nan
nan
0.0
0.0
0.0
0.0
0.0
0.0
0.0
0.0
0.0
0.0
0.0
0.0
0.0
0.0
0.0
0.0
0.0
0.0
0.0
0.0
0.0
0.0
0.0
0.0
0.0
0.0
0.0
0.0
0.0
0.0
0.0
0.0
0.0
0.0
0.0
0.0
0.0
0.0
0.0
0.0
0.0
0.0
0.0
0.0
0.0
0.0
0.0
0.0
0.0
0.0
0.0
0.0
0.0
0.0
0.0
0.0
0.0
0.0
0.0
0.0
0.0
0.0
0.0
0.0
0.0
0.0
0.0
0.0
0.0
0.0
0.0
0.0
0.0
0.0
0.0
0.0
0.0
0.0
0.0
0.0
0.0
0.0
0.0
0.0
0.0
0.0
0.0
0.0
0.0
0.0
0.0
0.0
0.0
0.0
0.0
0.0
0.0
0.0
0.0
0.0
0.0
0.0
0.0
0.009615384615384616
0.009523809523809525
0.009433962264150943
0.009345794392523364
0.009259259259259259
0.009174311926605505
0.00909090909090909
0.009009009009009009
0.008928571428571428
0.017699115044247787
0.02631578947368421
0.02608695652173913
0.02586206896551724
0.02564102564102564
0.025423728813559324
0.03361344537815126
0.03333333333333333
0.04132231404958678
0.040983606557377046
0.04878048780487805
0.04838709677419355
0.048
0.05555555555555555
0.05511811023622047
0.0546875
0.06201550387596899
0.06153846153846154
0.06870229007633588
0.07575757575757576
0.08270676691729323
0.08208955223880597
0.08148148148148149
0.08823529411764706
0.08759124087591241
0.09420289855072464
0.10071942446043165
0.10714285714285714
0.10638297872340426
0.1056338028169014
0.1048951048951049
0.1111111111111111
0.1103448275862069
0.1095890410958904
0.11564625850340136
0.11486486486486487
0.11409395973154363
0.12
0.11920529801324503
0.11842105263157894
0.12418300653594772
0.12987012987012986
0.13548387096774195
0.1346153846153846
0.1337579617834395
0.13924050632911392
0.14465408805031446
0.14375
0.14906832298136646
0.14814814814814814
0.147239263803681
0.14634146341463414
0.14545454545454545
0.15060240963855423
0.15568862275449102
0.16071428571428573
0.16568047337278108
0.17058823529411765
0.17543859649122806
0.1744186046511628
0.17341040462427745
0.1781609195402299
0.18285714285714286
0.1875
0.192090395480226
0.19662921348314608
0.2011173184357542
0.20555555555555555
0.20994475138121546
0.21428571428571427
0.2185792349726776
0.22282608695652173
0.22702702702702704
0.23118279569892472
0.22994652406417113
0.22872340425531915
0.2328042328042328
0.23684210526315788
