nan
nan
nan
nan
nan
nan
nan
nan
nan
nan
0.0
0.0
0.0
0.0
0.0
0.0
0.0
0.0
0.0
0.0
0.0
0.0
0.0
0.0
0.0
0.0
0.0
0.0
0.0
0.0
0.0
0.0
0.0
0.0
0.0
0.0
0.0
0.0
0.0
0.0
0.0
0.0
0.0
0.0
0.0
0.0
0.0
0.0
0.0
0.0
0.0
0.0
0.0
0.0
0.0
0.0
0.0
0.0
0.0
0.0
0.0
0.0
0.0
0.0
0.0
0.0
0.0
0.0
0.0
0.0
0.0
0.0
0.0
0.0
0.0
0.0
0.0
0.0
0.0
0.0
0.0
0.0
0.0
0.0
0.0
0.0
0.0
0.0
0.0
0.0
0.0
0.0
0.0
0.0
0.0
0.0
0.0
0.0
0.0
0.0
0.0
0.010869565217391304
0.010752688172043012
0.010638297872340425
0.021052631578947368
0.03125
0.030927835051546393
0.030612244897959183
0.04040404040404041
0.04
0.039603960396039604
0.0392156862745098
0.038834951456310676
0.038461538461538464
0.0380952380952381
0.03773584905660377
0.037383177570093455
0.037037037037037035
0.045871559633027525
0.045454545454545456
0.04504504504504504
0.044642857142857144
0.05309734513274336
0.05263157894736842
0.06086956521739131
0.0603448275862069
0.05982905982905983
0.059322033898305086
0.058823529411764705
0.058333333333333334
0.05785123966942149
0.06557377049180328
0.06504065040650407
0.06451612903225806
0.064
0.06349206349206349
0.06299212598425197
0.0625
0.06201550387596899
0.06923076923076923
0.06870229007633588
0.07575757575757576
0.07518796992481203
0.07462686567164178
0.07407407407407407
0.07352941176470588
0.072992700729927
0.07246376811594203
0.07194244604316546
0.07857142857142857
0.07801418439716312
0.07746478873239436
0.08391608391608392
0.08333333333333333
0.0896551724137931
0.0958904109589041
0.09523809523809523
0.10135135135135136
0.10738255033557047
0.10666666666666667
0.10596026490066225
0.1118421052631579
0.1111111111111111
0.11038961038961038
0.10967741935483871
0.10897435897435898
0.11464968152866242
0.12025316455696203
0.11949685534591195
0.11875
0.11801242236024845
0.12345679012345678
0.12269938650306748
0.12195121951219512
0.12727272727272726
0.12650602409638553
0.1317365269461078
0.13690476190476192
0.13609467455621302
0.13529411764705881
0.13450292397660818
0.13953488372093023
0.14450867052023122
0.14367816091954022
0.14857142857142858
0.1534090909090909
0.15254237288135594
0.15730337078651685
0.16201117318435754
0.16111111111111112
0.16574585635359115
0.17032967032967034
0.17486338797814208
0.17391304347826086
0.1783783783783784
0.1827956989247312
0.18181818181818182
0.18085106382978725
0.17989417989417988
0.18421052631578946
