-3.6400000000000006
-12.324999999999996
-15.289999999999997
-16.739999999999995
-17.043999999999993
-17.333333333333325
-18.031428571428567
-16.959999999999994
-17.6411111111111
-17.972999999999992
-17.972999999999992
-19.279999999999994
-19.069999999999986
-18.95199999999999
-18.84699999999999
-19.142999999999994
-19.281999999999993
-18.36099999999999
-18.06199999999999
-17.072999999999993
-17.12299999999999
-17.68699999999999
-17.883999999999993
-16.905999999999995
-17.428999999999995
-17.276999999999997
-17.063999999999997
-18.150999999999996
-19.486999999999995
-20.822999999999997
-19.057999999999996
-18.181999999999995
-16.186999999999998
-17.637999999999995
-17.285999999999994
-15.675999999999997
-14.285999999999996
-13.967999999999998
-12.982
-12.618999999999998
-12.755999999999998
-12.588
-14.919999999999998
-14.559999999999997
-12.565999999999997
-13.418999999999993
-13.301999999999996
-12.173999999999994
-13.355999999999995
-13.610999999999994
-13.918999999999993
-13.029999999999996
-11.933999999999996
-9.843999999999996
-11.150999999999996
-10.014999999999997
-10.081999999999997
-10.719999999999995
-10.258
-10.029999999999996
-11.609999999999996
-11.704999999999997
-13.032
-15.234999999999994
-15.272999999999996
-15.684999999999997
-17.746
-18.427999999999997
-19.690999999999995
-19.171999999999997
-17.204999999999995
-18.387999999999998
-17.307999999999996
-15.183999999999997
-16.058999999999997
-15.975999999999996
-14.476999999999995
-12.307999999999996
-12.075999999999997
-12.865999999999996
-13.498999999999995
-14.769999999999996
-13.749999999999995
-16.244999999999997
-15.144999999999992
-17.51899999999999
-19.359999999999992
-19.684999999999995
-19.958999999999996
-20.234999999999992
-19.772999999999993
-19.693999999999996
-22.154999999999994
-22.743999999999993
-24.503999999999998
-23.84499999999999
-21.512999999999995
-23.490999999999993
-23.595999999999993
-21.392999999999994
-24.167999999999992
-24.145999999999994
-23.228999999999996
-21.397999999999993
-21.913999999999994
-20.872999999999994
-21.005999999999993
-22.113999999999997
-20.046
-21.106999999999996
-20.859999999999992
-18.594999999999995
-17.845999999999997
-19.632999999999992
-17.423999999999996
-18.218999999999994
-21.12299999999999
-20.822999999999986
-22.669999999999995
-23.51199999999999
-23.121999999999993
-26.66899999999999
-25.881999999999994
-23.91999999999999
-24.180999999999994
-23.16099999999999
-21.89799999999999
-21.57399999999999
-21.860999999999997
-22.470999999999997
-21.56499999999999
-18.711999999999996
-21.14399999999999
-22.43999999999999
-21.903999999999993
-22.620999999999995
-22.774999999999995
-22.932999999999993
-21.16599999999999
-21.197999999999993
-19.432999999999993
-21.215999999999998
-21.709999999999994
-21.854999999999997
-23.880999999999993
-23.371999999999993
-24.08899999999999
-20.99899999999999
-19.595999999999993
-17.579999999999995
-20.964
-18.232999999999997
-15.102999999999998
-15.657999999999998
-15.443999999999997
-16.963999999999995
-14.559999999999993
-17.525999999999993
-18.324999999999996
-18.739999999999995
-16.388999999999992
-19.108999999999995
-18.825999999999993
-16.451999999999995
-17.160999999999994
-16.562999999999995
-17.99599999999999
-17.291999999999994
-17.016999999999992
-19.527999999999995
-19.493999999999993
-19.472999999999992
-20.867999999999995
-23.578999999999997
-20.237999999999992
-18.432999999999996
-20.037999999999993
-19.528
-20.193999999999996
-18.288999999999994
-20.555999999999994
-18.31499999999999
-17.868999999999993
-15.893999999999995
-17.845999999999997
-20.62399999999999
-18.630999999999993
-17.23999999999999
-18.11099999999999
-19.11399999999999
-18.00099999999999
-17.25999999999999
-19.14799999999999
-17.611999999999988
-19.253999999999994
-20.314999999999994
-20.293999999999997
-20.536999999999995
-19.371
-20.133999999999993
-20.287999999999997
-24.33299999999999
-21.699999999999996
-21.749999999999993
-18.580999999999996
-15.957999999999993
-14.205999999999994
-16.625999999999994
-17.454999999999995
-13.551999999999998
-12.764999999999997
-11.809999999999997
-11.917999999999996
-12.138999999999996
-15.249999999999995
-13.917999999999997
-16.287999999999997
-15.879999999999999
-17.099999999999998
-18.269999999999996
-19.727999999999994
-18.911999999999995
-22.481999999999992
-24.78399999999999
-22.91399999999999
-23.33499999999999
-20.964999999999993
-19.81899999999999
-16.79999999999999
-15.700999999999993
-15.358999999999995
-17.016999999999996
-14.807999999999998
-12.359999999999996
-11.846999999999994
-12.920999999999996
-13.469999999999995
-13.248999999999995
-13.248999999999995
-14.606999999999994
-13.744999999999996
-10.753999999999996
-8.980999999999998
-8.876999999999995
-7.477999999999997
-6.132999999999998
-5.6839999999999975
-4.4849999999999985
-7.929999999999998
-6.450999999999998
-7.552999999999999
-6.662000000000001
-9.343999999999998
-9.41
-11.128999999999996
-14.604999999999999
-15.708999999999998
-16.166999999999994
-13.266999999999996
-14.877999999999997
-13.450999999999997
-13.450999999999997
-11.538999999999998
-12.022999999999996
-13.964999999999998
-12.433999999999996
-13.890999999999996
-14.381999999999996
-15.397999999999996
-14.373999999999995
-14.819999999999997
-15.456999999999994
-14.707999999999993
-14.178999999999993
-10.704999999999995
-8.493999999999996
-5.961999999999998
-4.962999999999998
-6.0669999999999975
-6.120999999999999
-4.412999999999999
-6.381999999999998
-9.373999999999999
-9.373999999999999
-11.549999999999997
-11.828999999999997
-11.807999999999996
-13.285999999999998
-12.511
-13.031999999999996
-13.698999999999995
-12.524999999999999
-10.515999999999996
-11.868999999999996
-12.100999999999996
-12.466999999999995
-14.757999999999996
-13.512999999999996
-11.672999999999998
-10.431999999999997
-10.506999999999996
-9.190999999999997
-8.307999999999998
-9.599999999999998
-7.562999999999997
-8.020999999999997
-5.858999999999998
-5.6759999999999975
-5.775999999999998
-5.854999999999999
-5.621999999999998
-7.129999999999997
-9.174999999999997
-6.616999999999999
-7.574999999999998
-6.5509999999999975
-6.313999999999999
-6.808999999999999
-8.373999999999999
-11.080999999999996
-10.334999999999997
-8.860999999999995
-6.715999999999998
-6.636999999999998
-5.349999999999998
-6.136999999999996
-6.136999999999996
-5.7289999999999965
-5.467999999999998
-5.113999999999998
-5.092999999999998
-5.758999999999998
-5.903999999999997
-6.507999999999997
-7.323999999999996
-7.931999999999998
-8.168999999999997
-8.089999999999998
-7.714999999999998
-5.3119999999999985
-5.403999999999999
-7.777999999999999
-10.090999999999998
-9.736999999999998
-8.699999999999998
-7.504999999999997
-7.318
-7.996999999999998
-8.928999999999998
-9.894999999999998
-9.910999999999998
-7.636999999999999
-6.244999999999999
-6.927999999999999
-8.306999999999997
-8.735999999999999
-10.059999999999999
-10.813999999999997
-10.314999999999998
-10.517999999999997
-12.546999999999995
-12.188999999999997
-11.122999999999998
-11.014999999999997
-9.598999999999997
-8.919999999999998
-7.595999999999998
-6.6629999999999985
-5.300999999999999
-4.718999999999999
-2.524
-3.053
-4.226999999999999
-3.293999999999999
-3.576999999999999
-5.614
-6.650999999999999
-7.100999999999999
-7.9549999999999965
-7.6759999999999975
-7.7049999999999965
-6.937999999999998
-6.716999999999999
-6.724999999999999
-6.449999999999998
-5.595999999999998
-6.145999999999998
-6.198999999999998
-6.910999999999999
-6.623999999999998
-6.860999999999999
-7.285999999999997
-6.511999999999999
-6.503999999999998
-6.445999999999998
-5.6629999999999985
-6.3469999999999995
-5.3359999999999985
-3.669999999999999
-4.614999999999999
-6.3359999999999985
-5.540999999999999
-6.248999999999998
-6.248999999999999
-8.735999999999999
-11.815
-10.559999999999999
-11.746999999999996
-12.062999999999997
-12.429999999999996
-10.779999999999998
-11.387999999999996
-11.941999999999997
-13.428999999999997
-14.370999999999999
-11.107999999999997
-12.466
-11.228999999999997
-13.099999999999998
-13.457999999999998
-15.441999999999997
-14.883999999999995
-13.392999999999995
-12.942999999999998
-10.387999999999996
-11.151
-11.026999999999996
-13.347999999999995
-11.647999999999996
-9.977999999999998
-10.277999999999999
-10.735999999999999
-13.056999999999999
-13.636
-12.761999999999999
-11.754
-10.090999999999998
-10.761999999999997
-10.899000000000001
-12.914999999999997
-10.394
-12.228
-9.957
-8.52
-11.181999999999999
-11.232
-12.289999999999997
-12.589999999999998
-12.814999999999998
-13.106999999999996
-14.984999999999996
-16.064
-18.334999999999997
-20.476999999999997
-20.156999999999996
-22.427999999999997
-22.969999999999995
-19.778
-19.862
-17.503999999999998
-15.554999999999998
-15.654999999999998
-15.704999999999998
-14.649999999999997
-13.145
-11.581999999999997
-10.431999999999999
-13.181999999999999
-12.285999999999998
-13.926999999999998
-14.755999999999997
-13.514
-14.637999999999996
-14.229999999999999
-15.713999999999995
-15.192999999999998
-16.426999999999996
-14.292999999999996
-14.255999999999997
-12.614999999999998
-12.215
-9.986
-6.719999999999999
-6.699000000000001
-6.1099999999999985
-7.830999999999998
-6.425999999999997
-5.709999999999997
-7.2549999999999955
-9.554999999999996
-11.425999999999995
-11.425999999999997
-12.903999999999993
-15.716999999999995
-15.771999999999995
-16.134999999999998
-16.634999999999998
-16.684999999999995
-16.834999999999997
-14.584999999999997
-12.255999999999998
-13.042999999999997
-11.522999999999996
-7.972999999999997
-8.331
-6.925999999999999
-5.509999999999998
-5.459999999999998
-3.7149999999999976
-3.951999999999998
-4.009999999999999
-3.222999999999999
-4.251999999999998
-4.151999999999998
-2.006999999999999
-1.8199999999999996
-4.356999999999999
-4.860999999999999
-4.997999999999999
-4.9769999999999985
-5.018999999999999
-5.018999999999998
-4.918999999999999
-4.918999999999999
-4.9689999999999985
-4.426999999999998
-1.94
-1.4359999999999997
-1.2989999999999997
-1.0829999999999997
-0.9829999999999997
-1.9699999999999989
-0.9039999999999996
-0.9039999999999997
-0.9039999999999997
-2.661999999999999
-4.377999999999998
-4.377999999999998
-4.377999999999998
-4.3779999999999974
-4.377999999999998
-4.827999999999998
-5.460999999999999
-5.460999999999998
-5.410999999999999
-5.744999999999999
-3.979
-3.978999999999999
-3.978999999999999
-3.9289999999999994
-4.028999999999999
-2.6420000000000003
-1.9590000000000003
-2.0090000000000003
-2.059
0.2199999999999999
0.21999999999999992
0.21999999999999992
0.21999999999999992
0.2199999999999999
0.31999999999999995
0.3409999999999999
0.3409999999999999
-0.47499999999999976
-0.42499999999999966
-1.1119999999999997
-1.1119999999999997
-1.1619999999999997
-1.1619999999999997
-1.1619999999999997
-1.1619999999999997
-1.0829999999999997
-1.1119999999999997
-0.246
-0.246
0.441
0.20399999999999996
-0.004000000000000048
-0.004000000000000048
-0.3490000000000001
-0.39900000000000013
-0.3990000000000001
-0.37000000000000005
-0.4200000000000001
-0.5200000000000001
-0.5200000000000001
-0.2830000000000001
-0.025000000000000088
-0.18300000000000008
0.0329999999999999
0.08299999999999992
0.0329999999999999
0.0329999999999999
-1.1539999999999995
-1.0539999999999996
-1.1039999999999996
-1.1539999999999997
-1.1829999999999996
-1.5829999999999997
-1.4539999999999997
-1.4539999999999997
-1.454
-1.4539999999999997
-0.21700000000000014
-2.986999999999999
-2.9369999999999994
-2.8869999999999996
-2.8579999999999997
-2.3
-2.3
-2.2999999999999994
-3.2449999999999988
-3.2449999999999983
-3.2449999999999983
-0.47499999999999964
-0.47499999999999964
-0.8199999999999996
-0.8199999999999997
-0.8279999999999997
-0.8279999999999997
-0.9569999999999996
0.037999999999999964
-0.012000000000000021
-0.012000000000000021
-0.012000000000000033
-0.6700000000000002
-0.32500000000000007
-0.32500000000000007
-0.3750000000000001
-0.42500000000000016
-0.2960000000000001
-0.2960000000000001
-0.24600000000000008
-0.24600000000000008
-0.24600000000000008
0.362
0.21199999999999997
0.16199999999999992
0.21999999999999992
0.1699999999999999
0.1119999999999999
0.11199999999999992
0.003999999999999881
0.003999999999999881
0.00399999999999987
0.05399999999999988
0.2039999999999999
0.25399999999999995
0.2039999999999999
0.2539999999999999
0.26199999999999984
0.2619999999999999
0.3699999999999999
0.34099999999999986
0.34099999999999986
0.2909999999999998
0.1409999999999998
0.1409999999999998
0.16199999999999984
0.16199999999999984
0.21199999999999988
0.21199999999999988
0.18299999999999986
0.21199999999999983
0.21199999999999988
0.21199999999999983
0.3619999999999999
0.36199999999999993
0.3909999999999999
0.441
0.441
0.3909999999999999
0.41999999999999993
0.36999999999999994
0.3699999999999999
0.41999999999999993
0.36999999999999994
0.3699999999999999
0.36999999999999994
0.36999999999999994
0.36999999999999994
0.41999999999999993
0.39099999999999996
0.341
0.31199999999999994
0.31199999999999994
0.33299999999999996
0.23299999999999993
0.23299999999999993
0.23299999999999993
0.17499999999999988
0.17499999999999988
0.2039999999999999
0.30399999999999994
0.3329999999999999
0.2539999999999999
0.23299999999999982
0.3329999999999999
0.3329999999999999
0.3329999999999999
0.29099999999999987
0.29099999999999987
0.29099999999999987
0.29099999999999987
0.29099999999999987
0.31999999999999995
0.37
0.2909999999999999
0.291
0.25399999999999995
0.346
0.29599999999999993
0.2379999999999999
0.13799999999999993
0.13799999999999993
0.18799999999999992
0.18799999999999992
0.26699999999999996
0.26699999999999996
0.2749999999999999
0.283
0.2829999999999999
0.2909999999999999
0.3909999999999999
0.3829999999999999
0.32499999999999984
0.2249999999999998
0.17499999999999982
0.17499999999999982
0.20399999999999982
0.20399999999999982
0.2539999999999999
0.30399999999999994
0.30399999999999994
0.2619999999999999
0.2699999999999999
0.37
0.41999999999999993
0.41999999999999993
0.41999999999999993
0.39099999999999996
0.39099999999999996
0.39099999999999996
0.3409999999999999
0.36199999999999993
0.36199999999999993
0.2829999999999999
0.28299999999999986
0.28299999999999986
0.28299999999999986
0.2619999999999999
0.2619999999999999
0.2619999999999999
0.3119999999999999
0.2909999999999999
0.34099999999999986
0.41999999999999993
0.41999999999999993
0.41999999999999993
0.41999999999999993
0.4699999999999999
0.4699999999999999
0.462
0.4620000000000001
0.5119999999999999
0.4619999999999999
0.4619999999999999
0.4619999999999999
0.43299999999999994
0.433
0.433
0.433
0.312
0.31199999999999994
0.31199999999999994
0.362
0.362
0.33299999999999996
0.362
0.362
0.362
0.31199999999999994
0.441
0.441
0.441
0.441
0.4119999999999999
0.441
0.3909999999999999
0.3909999999999999
0.3909999999999999
0.34099999999999986
0.34099999999999986
0.3409999999999999
-3.3249999999999993
-3.3249999999999993
-3.2959999999999985
-3.2959999999999985
-3.2459999999999987
-3.2959999999999985
-3.374999999999999
-3.3249999999999993
-3.3249999999999984
-3.3749999999999987
0.2909999999999999
0.291
0.24099999999999988
0.23299999999999987
0.18299999999999988
0.18299999999999988
0.21199999999999983
0.2619999999999999
0.2619999999999999
0.16199999999999987
0.16199999999999987
0.11199999999999988
0.16199999999999992
0.16999999999999993
0.21999999999999992
0.1909999999999999
0.24099999999999994
0.1909999999999999
0.1619999999999999
0.2619999999999999
0.16199999999999987
0.16199999999999987
0.16199999999999987
0.08299999999999982
0.03299999999999979
0.11199999999999984
0.011999999999999822
0.06199999999999985
0.09099999999999984
0.14099999999999988
0.24099999999999994
0.2119999999999999
0.2119999999999999
0.291
0.29100000000000004
0.24099999999999996
0.34099999999999997
0.34099999999999997
0.291
0.291
0.19099999999999992
0.2699999999999999
0.24099999999999994
0.24099999999999994
0.2619999999999999
0.31199999999999994
0.31199999999999994
0.31199999999999994
0.36199999999999993
0.2619999999999999
0.31199999999999994
0.3119999999999999
0.3409999999999999
0.3409999999999999
0.36999999999999994
0.36999999999999994
0.36999999999999994
0.36999999999999994
0.36999999999999994
0.4119999999999999
0.454
0.45400000000000007
0.425
0.425
0.425
0.375
0.37499999999999994
0.21699999999999994
0.16699999999999993
0.22499999999999992
0.18299999999999988
0.1539999999999999
0.12499999999999989
0.12499999999999989
0.12499999999999989
0.12499999999999986
0.07499999999999986
0.2039999999999999
0.25399999999999995
0.2539999999999999
0.30399999999999994
0.33299999999999996
0.39099999999999996
0.39099999999999996
0.39099999999999996
0.441
0.391
0.39099999999999996
0.391
0.39099999999999996
0.39099999999999996
0.39099999999999996
0.391
0.39099999999999996
0.362
0.362
0.4619999999999999
0.491
0.441
0.3409999999999999
0.2909999999999999
0.2909999999999999
0.24099999999999994
0.24099999999999994
0.06999999999999984
0.06999999999999987
0.01999999999999984
-0.03000000000000016
-0.03000000000000016
0.06999999999999987
0.11999999999999991
0.11999999999999991
0.16999999999999993
0.14099999999999993
0.34099999999999997
0.34099999999999997
0.341
0.2909999999999999
0.34099999999999997
0.31199999999999994
0.3119999999999999
0.31199999999999994
0.31199999999999994
0.3409999999999999
0.3409999999999999
0.3409999999999999
0.3909999999999999
0.491
0.491
0.4699999999999999
0.4699999999999999
0.41999999999999993
0.36999999999999994
0.3699999999999999
0.3409999999999999
0.3409999999999999
0.3409999999999999
0.2909999999999999
0.29099999999999987
0.31199999999999994
0.21199999999999983
0.2619999999999999
0.2619999999999999
0.2619999999999999
0.2909999999999999
0.2909999999999999
0.291
0.34099999999999997
0.34099999999999997
0.31999999999999995
0.36999999999999994
0.36999999999999994
0.41999999999999993
0.41999999999999993
0.41999999999999993
0.4119999999999999
0.4119999999999999
0.3329999999999999
0.23299999999999982
0.283
0.33299999999999996
0.33299999999999996
0.33299999999999996
0.15399999999999997
0.15399999999999991
0.16199999999999992
0.16199999999999992
0.24099999999999994
0.34099999999999997
0.291
0.291
0.18299999999999994
0.18299999999999994
0.362
0.18299999999999997
0.18299999999999997
0.13299999999999995
0.10399999999999994
0.10399999999999994
0.15399999999999994
0.15399999999999994
0.26199999999999996
0.2119999999999999
0.2119999999999999
0.341
0.341
0.39099999999999996
0.41999999999999993
0.42000000000000004
0.37
0.31999999999999995
0.2699999999999999
0.2699999999999999
0.2699999999999999
0.24099999999999983
0.21199999999999983
