nan
nan
nan
nan
nan
nan
nan
nan
nan
nan
-3.6400000000000006
-12.324999999999996
-15.289999999999997
-16.739999999999995
-17.043999999999993
-17.333333333333325
-18.031428571428567
-16.959999999999994
-17.6411111111111
-17.972999999999992
-17.85818181818181
-17.945833333333326
-18.10692307692307
-18.244999999999994
-18.443333333333324
-18.551249999999992
-18.225294117647053
-17.572222222222216
-17.34210526315789
-17.547999999999995
-17.77666666666666
-17.917727272727266
-17.584782608695647
-17.904999999999994
-17.976799999999994
-17.97923076923076
-18.19777777777777
-18.25607142857142
-18.542413793103442
-18.051333333333325
-17.9074193548387
-17.376874999999995
-17.600909090909084
-17.722941176470584
-17.319428571428567
-16.95333333333333
-17.05459459459459
-16.86815789473684
-17.02358974358974
-16.7275
-16.609999999999996
-16.79190476190476
-16.893720930232554
-16.550909090909087
-16.452666666666662
-16.1595652173913
-16.016170212765953
-16.136458333333326
-16.327142857142853
-16.165799999999994
-15.90803921568627
-15.857692307692302
-15.56358490566037
-15.55092592592592
-15.282181818181812
-15.07428571428571
-15.087017543859643
-15.122931034482752
-15.259830508474572
-15.406499999999994
-15.219016393442617
-15.401935483870961
-15.511428571428565
-15.507499999999997
-15.344153846153842
-15.479090909090905
-15.585671641791041
-15.794705882352938
-15.826811594202894
-15.663428571428568
-15.665352112676054
-15.66666666666666
-15.466575342465747
-15.58202702702702
-15.428399999999993
-15.347236842105255
-15.159999999999993
-15.317948717948711
-15.45202531645569
-15.392874999999998
-15.554814814814813
-15.43292682926829
-15.56036144578313
-15.529999999999998
-15.674352941176467
-15.813837209302323
-15.680114942528734
-15.845340909090906
-15.989438202247188
-15.879555555555552
-16.009670329670325
-16.163586956521737
-16.33279569892473
-16.48468085106383
-16.534421052631576
-16.407499999999995
-16.485360824742262
-16.636224489795914
-16.53525252525252
-16.708399999999994
-16.81524752475247
-16.856274509803917
-16.82456310679611
-17.006730769230764
-16.947619047619042
-16.841320754716975
-17.011401869158874
-16.951944444444436
-16.954678899082563
-17.085818181818173
-16.975585585585577
-16.944642857142853
-17.07309734513274
-17.04333333333333
-17.058173913043476
-17.210431034482756
-17.337179487179483
-17.43652542372881
-17.505714285714284
-17.588833333333323
-17.776694214876027
-17.67721311475409
-17.629756097560968
-17.618951612903217
-17.546399999999995
-17.582460317460313
-17.6707874015748
-17.782187499999996
-17.890620155038754
-17.894692307692303
-17.84809160305343
-17.939848484848483
-17.991428571428564
-17.938731343283575
-17.92229629629629
-17.96426470588235
-18.0548905109489
-18.02739130434782
-18.12856115107913
-18.004571428571424
-18.086950354609925
-18.20535211267605
-18.261608391608384
-18.351388888888884
-18.29813793103448
-18.383767123287665
-18.255170068027205
-18.133378378378374
-18.09174496644295
-18.20186666666666
-18.096622516556288
-18.001249999999995
-18.091437908496726
-18.162597402597395
-18.212064516129026
-18.13865384615384
-18.208726114649675
-18.145506329113918
-18.132515723270433
-18.088562499999995
-18.15950310559006
-18.052160493827156
-17.990858895705518
-18.1015243902439
-18.112121212121206
-18.13006024096385
-18.153832335329337
-18.07833333333333
-18.215088757396448
-18.171235294117643
-18.236315789473682
-18.21587209302325
-18.31387283236994
-18.224310344827586
-18.13045714285714
-18.238465909090905
-18.231468926553667
-18.19719101123595
-18.21921787709497
-18.303722222222216
-18.240662983425413
-18.196813186813184
-18.181639344262294
-18.203749999999992
-18.265243243243237
-18.259569892473113
-18.178449197860957
-18.19260638297872
-18.266560846560843
-18.287789473684207
-18.189319371727745
-18.24635416666666
-18.1521243523316
-18.25788659793814
-18.370358974358968
-18.36336734693877
-18.298172588832482
-18.252121212121207
-18.360402010050247
-18.387799999999995
-18.494975124378104
-18.41732673267326
-18.329359605911325
-18.27372549019607
-18.252682926829262
-18.161553398058246
-18.21739130434782
-18.21379807692307
-18.130334928229658
-18.12004761904761
-18.178151658767767
-18.110754716981127
-18.03873239436619
-18.13242990654205
-18.051069767441856
-18.07481481481481
-18.109677419354835
-18.162706422018342
-18.136712328767118
-18.19313636363636
-18.211357466063344
-18.307657657657654
-18.341210762331833
-18.34589285714285
-18.28591111111111
-18.20269911504424
-18.184977973568277
-18.10293859649122
-18.030349344978163
-18.069913043478255
-18.159653679653676
-18.15681034482758
-18.084506437768233
-18.06816239316239
-18.05761702127659
-18.002161016949145
-17.976708860759487
-17.89899159663865
-17.887112970711293
-17.889708333333328
-17.85236514522821
-17.777644628099168
-17.705596707818923
-17.634139344262287
-17.570897959183664
-17.501422764227637
-17.43048582995951
-17.49701612903225
-17.427831325301195
-17.47623999999999
-17.406533864541824
-17.442976190476184
-17.377707509881414
-17.378031496062988
-17.45458823529411
-17.431406249999995
-17.381322957198435
-17.33306201550387
-17.329382239382234
-17.32142307692307
-17.254980842911873
-17.217633587786253
-17.174106463878324
-17.248749999999994
-17.26513207547169
-17.298308270676685
-17.268988764044934
-17.260858208955216
-17.219516728624534
-17.228777777777772
-17.18863468634686
-17.12536764705882
-17.064395604395596
-17.009927007299265
-16.946181818181813
-16.88757246376811
-16.824729241877254
-16.858201438848916
-16.821720430107522
-16.771071428571425
-16.804056939501773
-16.850496453900703
-16.792650176678443
-16.817676056338023
-16.766631578947365
-16.70996503496503
-16.701428571428565
-16.70725694444444
-16.690588235294115
-16.66513793103448
-16.657010309278345
-16.63356164383561
-16.624607508532417
-16.657244897959178
-16.620881355932198
-16.644020270270268
-16.59407407407407
-16.538322147651005
-16.481270903010028
-16.459866666666663
-16.40897009966777
-16.357880794701984
-16.39277227722772
-16.358092105263154
-16.338918032786882
-16.291568627450975
-16.238436482084687
-16.1888961038961
-16.137378640776696
-16.110258064516124
-16.110610932475876
-16.127660256410252
-16.080447284345045
-16.07837579617834
-16.028190476190474
-15.975822784810124
-15.94097791798107
-15.943144654088044
-15.978871473354227
-15.929781249999996
-15.884766355140181
-15.835372670807446
-15.788080495356033
-15.747253086419748
-15.723846153846148
-15.674018404907969
-15.628685015290515
-15.623780487804874
-15.64863221884498
-15.601393939393933
-15.578851963746219
-15.536234939759032
-15.509399399399394
-15.495059880239516
-15.491253731343278
-15.450654761904756
-15.40498516320474
-15.38979289940828
-15.343716814159288
-15.301470588235288
-15.350087976539584
-15.377017543859646
-15.341107871720112
-15.297529069767437
-15.259768115942027
-15.215606936416181
-15.191498559077807
-15.20413793103448
-15.187593123209167
-15.147457142857139
-15.130341880341875
-15.117585227272723
-15.102776203966002
-15.100056497175137
-15.075999999999997
-15.07078651685393
-15.068879551820723
-15.067569832402231
-15.057520891364899
-15.075222222222218
-15.048864265927973
-15.00723756906077
-14.990165289256193
-14.948928571428565
-14.90734246575342
-14.866557377049174
-14.839836512261575
-14.802173913043474
-14.77734417344173
-14.735999999999994
-14.725525606468999
-14.717446236559134
-14.67659517426273
-14.644866310160424
-14.659519999999995
-14.648058510638293
-14.6345623342175
-14.621031746031742
-14.589973614775722
-14.550973684210522
-14.521128608923878
-14.508010471204182
-14.468981723237594
-14.43145833333333
-14.424103896103894
-14.427797927461135
-14.416589147286818
-14.422319587628863
-14.385192802056551
-14.353794871794866
-14.336086956521735
-14.304030612244894
-14.26631043256997
-14.228781725888318
-14.20230379746835
-14.22373737373737
-14.187858942065487
-14.152160804020095
-14.140325814536336
-14.153349999999996
-14.116758104738151
-14.103656716417905
-14.067369727047144
-14.092821782178213
-14.143358024691354
-14.13349753694581
-14.127886977886977
-14.100955882352938
-14.09850855745721
-14.071073170731704
-14.050364963503647
-14.051189320388346
-14.051912832929778
-14.099541062801931
-14.070216867469876
-14.093413461538457
-14.05836930455635
-14.077009569377985
-14.083221957040568
-14.10371428571428
-14.070166270783844
-14.035592417061606
-14.025697399527182
-14.012004716981128
-14.0015294117647
-14.021431924882624
-14.04173302107728
-14.02025700934579
-13.987529137529133
-14.014744186046508
-13.992807424593963
-14.01293981481481
-14.016697459584293
-13.983202764976957
-13.949862068965514
-13.931284403669723
-13.966681922196793
-13.94899543378995
-13.963097949886102
-13.932454545454544
-13.952789115646254
-13.92117647058823
-13.89261851015801
-13.920112612612607
-13.888786516853928
-13.894484304932732
-13.935883668903799
-13.92368303571428
-13.944031180400886
-13.955844444444441
-13.999600886917955
-14.018827433628315
-14.037969094922733
-14.057488986784138
-14.076461538461535
-14.09350877192982
-14.063719912472644
-14.053340611353708
-14.02159041394335
-13.99060869565217
-14.035509761388282
-14.05532467532467
-14.051187904967598
-14.037823275862063
-14.02281720430107
-14.01493562231759
-14.04483940042826
-14.015576923076917
-14.019573560767585
-14.006893617021273
-14.024437367303603
-14.06766949152542
-14.054968287526421
-14.073185654008434
-14.047452631578942
-14.065609243697475
-14.050041928721168
-14.020606694560664
-13.990250521920665
-13.969562499999997
-13.940478170478167
-13.915228215767632
-13.902670807453411
-13.908657024793385
-13.91927835051546
-13.908415637860077
-13.87878850102669
-13.88196721311475
-13.899550102249485
-13.917653061224485
-13.889266802443988
-13.894674796747964
-13.939472616632855
-13.94637651821862
-13.964040404040402
-13.963387096774188
-13.935251509054321
-13.94126506024096
-13.913286573146289
-13.884419999999995
-13.872375249500994
-13.847430278884458
-13.820854870775344
-13.834960317460313
-13.824673267326727
-13.796324110671932
-13.768086785009858
-13.739960629921255
-13.717583497053042
-13.690803921568623
-13.663972602739722
-13.660019531249997
-13.632378167641322
-13.60484435797665
-13.591572815533977
-13.613391472868214
-13.595802707930364
-13.571196911196909
-13.549171483622349
-13.524038461538458
-13.49804222648752
-13.492567049808425
-13.465774378585083
-13.440038167938928
-13.41700952380952
-13.391463878326993
-13.365066413662234
-13.338768939393933
-13.313516068052925
-13.28741509433962
-13.280941619585683
-13.255939849624056
-13.23009380863039
-13.2052808988764
-13.21598130841121
-13.223302238805966
-13.197709497206699
-13.172211895910777
-13.147736549165115
-13.122425925925922
-13.124695009242139
-13.112121771217708
-13.087016574585633
-13.062003676470583
-13.078899082568803
-13.05399267399267
-13.02917733089579
-13.004452554744521
-12.97981785063752
-12.957090909090905
-12.934446460980032
-12.910072463768111
-12.88669077757685
-12.863393501805051
-12.839279279279275
-12.815251798561148
-12.791310592459602
-12.767455197132612
-12.74368515205724
-12.719999999999997
-12.697807486631012
-12.674288256227754
-12.666234458259321
-12.642854609929074
-12.631716814159288
-12.608480565371021
-12.586208112874775
-12.563133802816898
-12.54014059753954
-12.517228070175435
-12.494395796847632
-12.472150349650345
-12.449476439790573
-12.426881533101042
-12.404365217391302
-12.386041666666664
-12.368145580589252
-12.345847750865047
-12.329585492227976
-12.308293103448271
-12.286213425129084
-12.264209621993125
-12.24313893653516
-12.222996575342462
-12.201213675213673
-12.179505119453923
-12.157870528109026
-12.138996598639451
-12.119694397283528
-12.098271186440675
-12.077766497461926
-12.056486486486484
-12.056138279932545
-12.034966329966327
-12.01470588235294
-11.99451342281879
-11.974036850921271
-11.96247491638796
-11.941636060100166
-11.920866666666665
-11.900998336106488
-11.880365448504982
-11.859800995024875
-11.885165562913906
-11.864661157024791
-11.844224422442242
-11.823855024711696
-11.803552631578945
-11.783316912972083
-11.763147540983605
-11.759328968903434
-11.73926470588235
-11.719265905383358
-11.699332247557
-11.679463414634144
-11.665259740259737
-11.645510534846027
-11.62595469255663
-11.606332794830369
-11.588854838709675
-11.569355877616744
-11.550723472668807
-11.53134831460674
-11.512035256410254
-11.503311999999996
-11.4841054313099
-11.464960127591704
-11.446799363057321
-11.428569157392683
-11.40960317460317
-11.390697305863705
-11.37185126582278
-11.353064770932066
-11.334337539432173
-11.31645669291338
-11.30020440251572
-11.282433281004707
-11.263934169278993
-11.247057902973392
-11.229578124999998
-11.211248049921993
-11.194657320872272
-11.17643856920684
-11.158276397515525
-11.140170542635655
-11.122120743034053
-11.104126738794433
-11.086959876543208
-11.069845916795066
-11.052784615384613
-11.035007680491548
-11.017285276073617
-11.000061255742724
-10.982446483180427
-10.96564885496183
-10.95042682926829
-10.932968036529678
-10.916003039513674
-10.899408194233684
-10.88210606060606
-10.864856278366108
-10.848096676737159
-10.830950226244342
-10.813855421686744
-10.797563909774432
-10.780570570570568
-10.763628185907043
-10.746736526946105
-10.729895366218232
-10.713104477611937
-10.697108792846496
-10.680416666666664
-10.664517087667159
-10.647922848664685
-10.631377777777773
-10.615621301775144
-10.599172821270306
-10.58277286135693
-10.566421207658317
-10.550117647058821
-10.533861967694563
-10.518079178885628
-10.503382137628108
-10.48769005847953
-10.4716204379562
-10.456020408163262
-10.441499272197959
-10.425566860465114
-10.409680696661825
-10.394681159420287
-10.378885672937768
-10.363135838150287
-10.347431457431455
-10.331772334293946
-10.317294964028774
-10.302442528735629
-10.286915351506453
-10.271432664756444
-10.25599427753934
-10.24202857142857
-10.226676176890154
-10.211367521367519
-10.19610241820768
-10.180880681818179
-10.166411347517727
-10.151274787535408
-10.137298444130124
-10.122245762711863
-10.107757404795484
-10.092901408450702
-10.078677918424752
-10.064606741573032
-10.051164095371666
-10.036358543417364
-10.021594405594405
-10.006871508379886
-9.992189679218965
-9.977548746518103
-9.963351877607785
-9.948791666666663
-9.934965325936197
-9.921177285318556
-9.906735822959886
-9.892444751381213
-9.878882758620687
-9.865936639118456
-9.852338376891332
-9.838090659340656
-9.823882030178323
-9.80971232876712
-9.795581395348835
-9.781489071038248
-9.767435197817187
-9.754100817438689
-9.740802721088432
-9.726861413043475
-9.712957937584799
-9.699092140921406
-9.68526387009472
-9.671864864864862
-9.658110661268553
-9.644393530997302
-9.63138627187079
-9.618131720430105
-9.605194630872479
-9.59268096514745
-9.579143239625164
-9.565641711229944
-9.55217623497997
-9.53941333333333
-9.526018641810914
-9.512659574468081
-9.499335989375828
-9.486710875331562
-9.473456953642382
-9.460238095238092
-9.44705416116248
-9.433905013192609
-9.42079051383399
-9.407710526315787
-9.394664914586068
-9.381758530183724
-9.368781127129749
-9.355837696335076
-9.343581699346403
-9.330704960835506
-9.317861799217729
-9.305429687499997
-9.292652795838748
-9.279909090909088
-9.267198443579764
-9.256191709844558
-9.243544631306596
-9.230930232558137
-9.218348387096771
-9.205798969072163
-9.19365508365508
-9.181169665809765
-9.1687163029525
-9.15629487179487
-9.144545454545451
-9.13218670076726
-9.119859514687098
-9.1075637755102
-9.095299363057322
-9.083435114503814
-9.071232528589578
-9.059695431472079
-9.047553865652723
-9.035443037974682
-9.024627054361565
-9.012575757575755
-9.000554854981083
-9.034735516372793
-9.022716981132072
-9.010728643216078
-8.998770388958594
-8.986842105263156
-8.97556946182728
-8.964687499999998
-8.953470661672906
-8.94165835411471
-8.93049813200498
-8.918743781094525
-8.90701863354037
-8.895942928039698
-8.884374225526638
-8.873353960396038
-8.862360939431394
-8.851395061728391
-8.839839704069048
-8.82831280788177
-8.818659286592863
-8.807186732186729
-8.796355828220856
-8.784938725490194
-8.773549571603425
-8.762188264058677
-8.75181929181929
-8.74051219512195
-8.729841656516442
-8.718941605839413
-8.708323207776427
-8.698337378640774
-8.687769696969694
-8.676622276029054
-8.666457073760578
-8.655966183574877
-8.644897466827501
-8.635060240963854
-8.624043321299636
-8.613052884615382
-8.60208883553421
-8.591151079136688
-8.581185628742512
-8.570299043062198
-8.55943847072879
-8.549200477326966
-8.538986889153751
-8.528202380952377
-8.517443519619498
-8.507304038004747
-8.496595492289439
-8.4870971563981
-8.476437869822481
-8.466146572104016
-8.45553719008264
-8.445294811320752
-8.434734982332154
-8.424199999999997
-8.413689776733252
-8.40320422535211
-8.393915592028135
-8.384063231850115
-8.373649122807015
-8.36325934579439
-8.352893815635937
-8.342552447552444
-8.332235157159484
-8.321941860465113
-8.311672473867594
-8.30142691415313
-8.291877172653532
-8.281770833333331
-8.271595375722542
-8.26177829099307
-8.251649365628603
-8.24154377880184
-8.232036823935555
-8.22197701149425
-8.213754305396094
-8.204311926605502
-8.194318442153492
-8.184919908466817
-8.175302857142855
-8.166038812785386
-8.15613454960091
-8.146252847380408
-8.136962457337882
-8.12769318181818
-8.118206583427922
-8.108412698412698
-8.098640996602489
-8.088891402714932
-8.079163841807908
-8.069458239277651
-8.05977452085682
-8.050112612612612
-8.04047244094488
-8.031977528089886
-8.022704826038158
-8.013127802690581
-8.003572228443447
-7.994038031319908
-7.984525139664803
-7.975033482142854
-7.965562987736897
-7.956436525612469
-7.947007786429363
-7.937599999999997
-7.928213096559376
-7.919401330376937
-7.911162790697671
-7.902389380530971
-7.893082872928174
-7.884348785871962
-7.875082690187428
-7.86803964757709
-7.858811881188116
-7.850153846153844
-7.8415148188803485
-7.8328947368421025
-7.823745892661552
-7.814617067833695
-7.805508196721308
-7.796419213973796
-7.787666303162483
-7.778616557734202
-7.769586507072902
-7.761119565217389
-7.753213897937022
-7.744240780911061
-7.735601300108339
-7.726666666666664
-7.717751351351349
-7.708855291576672
-7.699978425026966
-7.691120689655169
-7.682282023681375
-7.673462365591395
-7.664661654135336
-7.655879828326177
-7.647652733118968
-7.638907922912202
-7.630716577540104
-7.622542735042732
-7.613852721451438
-7.605490405117267
-7.596837060702873
-7.588202127659572
-7.580116896918169
-7.5715180467091265
-7.563244962884409
-7.555741525423727
-7.547195767195765
-7.539196617336151
-7.530686378035901
-7.522194092827001
-7.513719704952579
-7.505263157894734
-7.496824395373289
-7.488403361344535
-7.4805246589716665
-7.472662473794546
-7.464293193717276
-7.455941422594139
-7.447607105538138
-7.439290187891438
-7.431074035453595
-7.422791666666665
-7.415348595213318
-7.408139293139292
-7.3999065420560735
-7.391690871369293
-7.383492227979272
-7.375310559006209
-7.368996897621508
-7.360847107438015
-7.352714138286892
-7.344597938144328
-7.336498455200822
-7.328415637860081
-7.320863309352516
-7.312813141683777
-7.305887179487177
-7.297868852459014
-7.289866939611052
-7.2837116564417155
-7.2757405515832465
-7.268295918367344
-7.260652395514779
-7.25272912423625
-7.244821973550354
-7.236930894308941
-7.229055837563449
-7.221703853955373
-7.213860182370818
-7.206538461538459
-7.198725985844284
-7.19092929292929
-7.183148335015133
-7.175383064516127
-7.168136958710974
-7.1609054325955706
-7.1536884422110525
-7.146485943775097
-7.1387963891675
-7.131913827655308
-7.124544544544542
-7.116899999999997
-7.109770229770227
-7.1021556886227515
-7.095054835493517
-7.087968127490037
-7.080398009950247
-7.073339960238566
-7.065799404170802
-7.058273809523808
-7.051258671952426
-7.0445445544554435
-7.0375568743817976
-7.030088932806322
-7.023129318854884
-7.016183431952661
-7.008758620689653
-7.0013484251968485
-6.99395280235988
-6.986856581532415
-6.979489695780174
-6.972137254901959
-6.9647992164544545
-6.957475538160468
-6.950166177908111
-6.943359374999998
-6.9360780487804865
-6.928888888888887
-6.921635832521907
-6.914396887159532
-6.907172011661806
-6.900446601941746
-6.8937342386032965
-6.886550387596897
-6.879380445304935
-6.8722243713733056
-6.865565217391303
-6.8584362934362915
-6.851321118611378
-6.84470134874759
-6.838094321462944
-6.831576923076922
-6.824514889529297
-6.817466410748559
-6.810786193672097
-6.804243295019155
-6.797234449760763
-6.7907170172084115
-6.8021203438395395
-6.795887404580151
-6.789389895138225
-6.7827047619047605
-6.8062702188392
-6.799306083650189
-6.792630579297245
-6.785692599620491
-6.778767772511847
-6.772329545454543
-6.7654304635761555
-6.786417769376179
-6.779792256846079
-6.772905660377356
-6.766503298774738
-6.76011299435028
-6.753809971777985
-6.7469736842105235
-6.740150234741781
-6.733339587242024
-6.726541705716961
-6.719756554307113
-6.713451824134702
-6.706691588785044
-6.699943977591033
-6.693208955223879
-6.686486486486484
-6.680707635009309
-6.674939534883719
-6.668986988847582
-6.662311977715875
-6.655649350649349
-6.648999073215939
-6.64236111111111
-6.6357354301572595
-6.629584103512013
-6.623444136657431
-6.617583025830256
-6.6110046082949285
-6.604438305709022
-6.597884084636613
-6.591801470588233
-6.585270890725434
-6.578752293577979
-6.572245646196149
-6.566016483516481
-6.559533394327537
-6.585511882998169
-6.579022831050226
-6.573266423357662
-6.567256153144939
-6.560801457194898
-6.554813466787987
-6.548836363636362
-6.542870118074476
-6.536724137931032
-6.531233000906616
-6.525298913043476
-6.518923076923075
-6.513083182640142
-6.506991869918697
-6.500722021660647
-6.494391343552748
-6.48807207207207
-6.48221422142214
-6.4766276978417245
-6.470341419586701
-6.464515260323157
-6.45851121076233
-6.469462365591396
-6.4632050134288255
-6.456958855098388
-6.450983020554064
-6.444758928571427
-6.438804638715431
-6.43260249554367
-6.42641139804096
-6.420231316725977
-6.414506666666664
-6.408348134991118
-6.402457852706298
-6.396320921985814
-6.390194862710361
-6.384079646017698
-6.377975243147655
-6.371881625441694
-6.365798764342452
-6.359726631393296
-6.354105726872245
-6.3484947183098575
-6.342453825857518
-6.336678383128294
-6.330913081650569
-6.3253421052631555
-6.319780893952672
-6.314667250437826
-6.308687664041993
-6.303155594405593
-6.297633187772925
-6.291684118673645
-6.285998256320835
-6.280505226480834
-6.274586597040903
-6.268999999999998
-6.263101650738487
-6.257213541666665
-6.252020815264527
-6.248388214904678
-6.2425281385281375
-6.23667820069204
-6.230838375108037
-6.2250086355785825
-6.235427092320966
-6.23003448275862
-6.224900947459086
-6.2190963855421675
-6.213301805674978
-6.207517182130583
-6.202171673819741
-6.19640651801029
-6.190651242502141
-6.184905821917806
-6.180025662959793
-6.174299145299143
-6.1685824081981195
-6.1628754266211585
-6.157178175618071
-6.17090289608177
-6.16563404255319
-6.160620748299317
-6.155191163976209
-6.150619694397282
-6.144961832061067
-6.1404067796610144
-6.134767146486027
-6.129983079526225
-6.124606931530007
-6.1189949324324315
-6.113392405063291
-6.107799325463742
-6.102215669755686
-6.096641414141413
-6.091076534903279
-6.08552100840336
-6.079974811083122
-6.074437919463086
-6.0693294216261515
-6.063810720268005
-6.058301255230124
-6.053461538461537
-6.047969924812029
-6.042904841402336
-6.038265221017513
-6.033216666666665
-6.0277601998334704
-6.022312811980032
-6.017290108063174
-6.012275747508305
-6.006854771784231
-6.002338308457711
-5.996934548467273
-5.9915397350993365
-5.986153846153845
-5.981016528925619
-5.9756482246077605
-5.970288778877887
-5.964938169826874
-5.959596375617791
-5.9542633744855955
-5.949350328947368
-5.944856203779785
-5.93954844006568
-5.934659557013945
-5.929368852459016
-5.924496314496313
-5.919222585924712
-5.914366312346687
-5.909109477124182
-5.903861224489795
-5.899029363784664
-5.8937978810105935
-5.889454397394135
-5.884239218877135
-5.8798455284552835
-5.879415109666937
-5.875032467532466
-5.869845904298458
-5.864667747163693
-5.859497975708501
-5.854336569579287
-5.849183508488277
-5.844038772213246
-5.838902340597254
-5.833774193548385
-5.828654311039483
-5.823776167471818
-5.824328238133547
-5.819228295819934
-5.814771084337348
-5.809686998394862
-5.804611066559742
-5.799543269230767
-5.795284227381904
-5.790295999999999
-5.78525179856115
-5.781014376996803
-5.776217079010374
-5.7711961722488025
-5.76618326693227
-5.761178343949043
-5.756181384248209
-5.751192368839426
-5.746211278792692
-5.741238095238094
-5.736899286280728
-5.732337559429475
-5.727387173396673
-5.722840189873415
-5.718695652173912
-5.713767772511846
-5.709242304656668
-5.704329652996844
-5.699818754925136
-5.695314960629919
-5.6904248623131375
-5.685935534591193
-5.681060487038489
-5.676193092621662
-5.671333333333331
-5.666873040752349
-5.662419733750976
-5.657582159624411
-5.6529788897576205
-5.648156249999999
-5.643731459797032
-5.639313572542901
-5.634512860483241
-5.629719626168224
-5.624933852140076
-5.620381026438568
-5.615609945609944
-5.611234472049689
-5.6072536850271515
-5.602503875968991
-5.597761425251742
-5.593026315789473
-5.588522815158544
-5.583802163833075
-5.579474903474902
-5.575154320987654
-5.570454895913645
-5.565986132511555
-5.561301000769822
-5.557007692307692
-5.552782475019215
-5.548118279569891
-5.543461243284726
-5.53881134969325
-5.53455172413793
-5.529915773353751
-5.525669472073449
-5.52104740061162
-5.516432391138272
-5.512587786259541
-5.507986270022882
-5.503772865853657
-5.499185072353387
-5.4946042617960416
-5.4900304182509485
-5.485463525835865
-5.480903568716779
-5.477488619119877
-5.473320697498103
-5.468780303030302
-5.464526873580619
-5.460756429652041
-5.456613756613755
-5.4520996978851946
-5.448347169811319
-5.444223227752638
-5.440105501130367
-5.435617469879516
-5.431512415349886
-5.427037593984961
-5.422629601803154
-5.418385885885884
-5.4139309827456845
-5.409482758620689
-5.405415730337077
-5.400980538922155
-5.396551982049362
-5.393094170403586
-5.388678117998505
-5.384268656716417
-5.379865771812079
-5.375842026825631
-5.37145197319434
-5.367284226190475
-5.36349442379182
-5.359494799405645
-5.3551299183370435
-5.35114243323442
-5.347160859896218
-5.342814814814814
-5.33884529977794
-5.334726331360946
-5.330399113082039
-5.326816838995567
-5.323084870848707
-5.318775811209439
-5.314686809137802
-5.3103902798232685
-5.306467991169977
-5.302551470588234
-5.298273328434973
-5.294581497797355
-5.2903154805575925
-5.2860557184750725
-5.2820146520146505
-5.277979502196192
-5.273738112655448
-5.269502923976607
-5.265273922571218
-5.26105109489051
-5.256834427425235
-5.252623906705538
-5.2484195193008
-5.2442212518195035
-5.240239999999998
-5.236053779069766
-5.23229484386347
-5.2284833091436855
-5.224314720812181
-5.223108695652173
-5.218950036205647
-5.214797395079594
-5.210650759219088
-5.207232658959536
-5.203097472924187
-5.1989682539682525
-5.195565969718817
-5.191448126801151
-5.187336213102951
-5.1832302158273365
-5.180057512580876
-5.176170977011493
-5.172440775305096
-5.168357245337158
-5.1642795698924715
-5.160207736389683
-5.157423049391552
-5.154134477825464
-5.150285918513222
-5.146235714285712
-5.1423982869379
-5.13835948644793
-5.134326443335708
-5.130505698005696
-5.126483985765123
-5.122467994310098
-5.118457711442785
-5.114865056818181
-5.110865862313696
-5.106872340425531
-5.1028844790928405
-5.098902266288951
-5.09492569002123
-5.090954738330975
-5.0873427561837445
-5.084145480225988
-5.080190543401551
-5.076241184767277
-5.07229739252995
-5.068359154929576
-5.064426460239267
-5.060703234880449
-5.057484188334503
-5.053771067415729
-5.0505614035087705
-5.04665497896213
-5.042754029432374
-5.038858543417366
-5.034968509447165
-5.031083916083914
-5.028106219426973
-5.024231843575418
-5.020362875087229
-5.016499302649929
-5.013045296167246
-5.009192200557101
-5.005692414752956
-5.0029485396383855
-4.999457956914523
-4.995624999999998
-4.9917973629424
-4.9879750346740614
-4.984158004158003
-4.981385041551245
-4.977577854671279
-4.974322268326416
-4.970525224602625
-4.967479281767954
-4.9636922015182865
-4.960944827586205
-4.963480358373534
-4.960392561983469
-4.9566207845836185
-4.952854195323244
-4.949092783505153
-4.945879120879119
-4.942127659574466
-4.938381344307269
-4.934640164496229
-4.930904109589039
-4.927515400410676
-4.923789329685361
-4.92006835269993
-4.916352459016392
-4.912641638225255
-4.908935879945428
-4.9052351738241295
-4.901539509536783
-4.898189244383933
-4.894503401360542
-4.890822569680488
-4.887146739130433
-4.883475899524778
-4.879810040705562
-4.8761491525423715
-4.873170731707315
-4.869519295870005
-4.8662110960757765
-4.862569303583501
-4.858932432432431
-4.85563808237677
-4.8523481781376505
-4.848725556304785
-4.845303234501346
-4.841690235690233
-4.83808209959623
-4.834673839946198
-4.8310752688172025
-4.827481531229011
-4.823892617449663
-4.820308517773305
-4.817064343163537
-4.814494306764901
-4.8112583668005335
-4.807692307692306
-4.80446524064171
-4.801242484969938
-4.798024032042722
-4.794476317545028
-4.790986666666665
-4.787448367754829
-4.784247669773634
-4.78071856287425
-4.777526595744679
-4.774338870431892
-4.771155378486054
-4.767697412076973
-4.764522546419097
-4.761020543406228
-4.757523178807945
-4.754030443414956
-4.750873015873014
-4.747719762062126
-4.7442404227212664
-4.740765676567655
-4.737295514511872
-4.733829927488462
-4.730368906455862
-4.726912442396312
-4.72411842105263
-4.721328073635765
-4.717884362680682
-4.714445173998685
-4.711010498687663
-4.707960655737703
-4.7048623853211
-4.701958087753764
-4.698540575916229
-4.695781556572922
-4.693026143790848
-4.689947746570867
-4.686546997389033
-4.683150684931506
-4.679758800521511
-4.676371335504885
-4.6733138020833325
-4.669934938191281
-4.66707412223667
-4.664028589993501
-4.660662337662337
-4.6573004542504854
-4.654455252918287
-4.651101749837976
-4.648076424870466
-4.645106796116504
-4.642276843467011
-4.639127343244989
-4.63579457364341
-4.632466107165912
-4.6294645161290315
-4.62646679561573
-4.623150773195875
-4.619839021249193
-4.616853281853281
-4.613736334405143
-4.611079691516708
-4.608105330764289
-4.604813863928112
-4.601847338037202
-4.598564102564102
-4.596111467008327
-4.592836107554416
-4.589564939219448
-4.586297953964193
-4.583035143769966
-4.580095785440611
-4.576841097638799
-4.5735905612244885
-4.570344168260037
-4.5676050955414
-4.564366645448757
-4.561316793893129
-4.5580864589955485
-4.554860228716644
-4.551638095238094
-4.548737309644668
-4.54584020291693
-4.5426299112801
-4.539740341988599
-4.536537974683543
-4.533339658444022
-4.530461441213652
-4.5275868603916605
-4.524400252525251
-4.521217665615141
-4.518669609079444
-4.515809703843729
-4.512953400503777
-4.5101006922592815
-4.507119496855345
-4.504588309239471
-4.501746231155778
-4.498593848085372
-4.495445420326222
-4.49467711598746
-4.4917167919799486
-4.488578584846587
-4.485938673341676
-4.482989368355221
-4.4798624999999985
-4.476739537788881
-4.47362047440699
-4.47081721771678
-4.4677057356608465
-4.464598130841121
-4.461986301369862
-4.459197261978842
-4.456100746268656
-4.453008079552516
-4.4502298136645955
-4.447144630664183
-4.444373449131512
-4.441295722256664
-4.438221809169764
-4.435151702786377
-4.432394801980197
-4.429332096474953
-4.426273176761433
-4.423218035824582
-4.420783950617283
-4.417735965453423
-4.414999999999999
-4.411959334565618
-4.4089224137931025
-4.406375384615384
-4.404138991389913
-4.401419791026428
-4.398396805896805
-4.39537753222836
-4.392975460122698
-4.389963212752911
-4.387261029411763
-4.384255970606246
-4.381254589963279
-4.378256880733944
-4.376051344743275
-4.373060476481367
-4.37103785103785
-4.3680536912751675
-4.365073170731707
-4.3620962827544165
-4.359123020706455
-4.356153377967132
-4.354099756690997
-4.351440729483281
-4.3487849331713235
-4.3458287795992705
-4.342876213592232
-4.339927228623407
-4.336981818181817
-4.334039975772258
-4.331101694915254
-4.328166969147004
-4.32558645707376
-4.322658610271902
-4.319734299516908
-4.316813518406758
-4.314197828709288
-4.311283905967449
-4.30867469879518
-4.305767609873569
-4.30286401925391
-4.299963920625375
-4.297367788461537
-4.294648648648647
-4.291758703481391
-4.289172165566885
-4.286288968824938
-4.283409227082084
-4.2805329341317355
-4.277959305804906
-4.27538875598086
-4.272695756126717
-4.2746594982078845
-4.2717970149253714
-4.269707637231503
-4.266851520572449
-4.264296781883193
-4.261447290053602
-4.258601190476189
-4.255758477096965
-4.252919143876337
-4.250380273321448
-4.2475475059382415
-4.245014836795251
-4.242485172004744
-4.239834024896264
-4.237014218009477
-4.242877442273533
-4.240355029585798
-4.237539917208751
-4.234728132387706
-4.231966922622562
-4.229332939787484
-4.226825958702063
-4.224616745283018
-4.221820860341778
-4.219322732626618
-4.216533254855796
-4.213747058823528
-4.211258083480304
-4.208478260869564
-4.205871990604813
-4.203392018779342
-4.200621700879764
-4.197854630715122
-4.19509080257762
-4.192622950819671
-4.189865418373317
-4.18711111111111
-4.1846522501461125
-4.181904205607475
-4.179451255107996
-4.177001166861142
-4.1742623906705525
-4.171526806526805
-4.169959231217238
-4.167520372526193
-4.165084351367073
-4.162360465116278
-4.159930273097036
-4.157212543554006
-4.1547881601857215
-4.152076566125289
-4.14982608695652
-4.147120509849362
-4.144418066010422
-4.141718749999999
-4.139022556390977
-4.136329479768785
-4.1340958983246665
-4.131408775981523
-4.129013271783034
-4.126332179930794
-4.123942363112391
-4.12126728110599
-4.119170984455957
-4.116501726121978
-4.113835537665324
-4.111339080459769
-4.108678920160826
-4.106308840413317
-4.103654618473895
-4.101003440366971
-4.099094555873925
-4.096449026345932
-4.093806525472237
-4.091167048054919
-4.088816466552315
-4.08646857142857
-4.083837806967447
-4.081495433789953
-4.078870507701083
-4.076413911060432
-4.073794871794871
-4.071463553530751
-4.069134889015366
-4.066524459613196
-4.064081864695849
-4.061477272727272
-4.058875638841567
-4.056560726447218
-4.053964832671582
-4.051655328798185
-4.049065155807365
-4.046761041902604
-4.044176570458403
-4.042205882352941
-4.039626907857547
-4.0370508474576265
-4.034760022586109
-4.03247178329571
-4.029904117315284
-4.027621195039458
-4.025059154929576
-4.022499999999999
-4.019943725379853
-4.017671541057368
-4.0155649241146705
-4.013297752808988
-4.01075238629983
-4.0082098765432095
-4.005832865956253
-4.003458520179372
-4.0009243697478984
-3.9984378499440085
-3.995909345271404
-3.993428411633109
-3.990905533817775
-3.9883854748603347
-3.9861474036850915
-3.9836328124999985
-3.9811210262130494
-3.979492753623187
-3.9771476323119765
-3.974643652561246
-3.9721424596549793
-3.970200222469409
-3.967704280155641
-3.9652111111111097
-3.9627207107162676
-3.960277469478356
-3.958069883527453
-3.9555875831485574
-3.958182825484763
-3.9557032115171635
-3.9532263420033193
-3.9510287610619454
-3.948557213930347
-3.946088397790054
-3.943898398674764
-3.9415949227373055
-3.939453943739657
-3.936995589856669
-3.935410468319558
-3.933232378854624
-3.930781507980186
-3.928333333333332
-3.9258878504672885
-3.9234450549450535
-3.921279516749038
-3.919275521405048
-3.9169994514536466
-3.914566885964911
-3.912843835616437
-3.910575027382255
-3.908423645320196
-3.906001094091902
-3.9035811919081453
-3.901163934426228
-3.8987493173129426
-3.896883187772924
-3.894473540643752
-3.892066521264993
-3.8896621253405983
-3.887260348583877
-3.8851333696243864
-3.8827366702937964
-3.880342577487764
-3.8779510869565206
-3.87642042368278
-3.874033659066231
-3.8716494845360816
-3.8692678958785236
-3.8670460704607037
-3.8649404117009736
-3.862609637249593
-3.8602380952380937
-3.858182801514331
-3.855816216216215
-3.853452188006482
-3.851290496760258
-3.8493577981651366
-3.8472707659115413
-3.8449164420485165
-3.84310344827586
-3.8410231556273544
-3.8389451022604932
-3.836600322754167
-3.834526881720428
-3.832724341751745
-3.830386680988183
-3.8280515297906588
-3.8257188841201697
-3.823812332439677
-3.8214844587352608
-3.819582217461166
-3.8177944325481783
-3.8154735152487946
-3.8134224598930464
-3.8111063602351667
-3.8087927350427333
-3.8064815803523744
-3.8041728922091766
-3.8018666666666654
-3.7995628997867787
-3.797527970165156
-3.79549520766773
-3.793198509845661
-3.7911702127659557
-3.788878256246676
-3.810961742826778
-3.8088157195963874
-3.8066719745222914
-3.8043766578249323
-3.802348886532342
-3.8004769475357696
-3.798871822033897
-3.7968501852832177
-3.7945661375661364
-3.7922845055526166
-3.7901585623678633
-3.7878816693079758
-3.7856071805702207
-3.783598944591028
-3.7813291139240497
-3.77932525039536
-3.7771022128556364
-3.7748393891521843
-3.77257894736842
-3.7705839032088364
-3.768590956887486
-3.7663373620599043
-3.7656355042016796
-3.763385826771652
-3.7611385099685193
-3.758893550078656
-3.757327044025156
-3.7553483499214235
-3.7531099476439778
-3.75113553113553
-3.7491631799163163
-3.7469315211709344
-3.744702194357365
-3.742475195822453
-3.7402505219206663
-3.738028169014083
-3.7358081334723656
-3.7335904116727447
-3.731374999999999
-3.7291618948464333
-3.7269510926118614
-3.7247425897035873
-3.7225363825363815
-3.720332467532467
-3.7190602284527507
-3.71686040477426
-3.7146628630705383
-3.7127268014515287
-3.7105336787564758
-3.7086017607457267
-3.7066718426501026
-3.7044852560786334
-3.7025594622543943
-3.7003772609819117
-3.698197314049586
-3.696019617965926
-3.694251805985551
-3.6926353790613713
-3.690463917525772
-3.6882946934569802
-3.686127703398557
-3.6842202779207405
-3.6820576131687233
-3.6798971722365033
-3.6777389516957855
-3.6755829481253204
-3.673429158110882
-3.6712775782452534
-3.6691282051282044
-3.6672373141978465
-3.6652407786885233
-3.663353814644136
-3.661212896622312
-3.659074168797953
-3.6573415132924323
-3.655206949412365
-3.653222676200203
-3.6510923940786104
-3.6489642857142846
-3.646838347781743
-3.644714576962282
-3.6428476821192044
-3.6407281059063124
-3.6386106870228994
-3.6371515768056955
-3.6350381291306544
-3.6329268292682917
-3.630817673946164
-3.628710659898476
-3.6266057838660566
-3.6246501014198773
-3.6225494171312707
-3.620450861195541
-3.6186075949367074
-3.6167661943319827
-3.6146737481031854
-3.6125834175935276
-3.610641738251641
-3.6085555555555544
-3.606471479050983
-3.6043895055499484
-3.6023096318709014
-3.6002318548387087
-3.5984080604533992
-3.5963343403826777
-3.5942627075993947
-3.5921931589537213
-3.5901256913021604
-3.5880603015075367
-3.5859969864389742
-3.5839357429718866
-3.582127446061213
-3.580506519558675
-3.5787017543859636
-3.577044088176352
-3.5749924887330984
-3.572942942942942
-3.571145572786392
-3.5693499999999987
-3.567306346826585
-3.565264735264734
-3.563474787818271
-3.5615818363273437
-3.55954613466334
-3.557512462612162
-3.5554808171400083
-3.553700199203186
-3.551672473867594
-3.549791044776118
-3.5478070611635983
-3.5457852882703764
-3.5437655240933914
-3.541747765640515
-3.5397320099255567
-3.537718253968253
-3.536098165592463
-3.534088206144697
-3.5323278850916284
-3.5305693069306923
-3.528708560118752
-3.5269535113748756
-3.5250963914977747
-3.5230978260869557
-3.5211012345679
-3.519106614017768
-3.517113961519486
-3.5152662721893484
-3.5136668309512062
-3.511679802955664
-3.50969473165928
-3.5077116141732274
-3.5061583866207564
-3.504321533923303
-3.5025896805896797
-3.500613948919449
-3.4987825233186047
-3.4968498527968586
-3.495267287886218
-3.493583333333332
-3.492596766291033
-3.490631733594514
-3.4886686245717073
-3.486849315068492
-3.4848899755501215
-3.482932551319647
-3.4809770395701016
-3.479023437499999
-3.477071742313323
-3.4751219512195113
-3.4731740614334465
-3.471228070175438
-3.469283974671212
-3.4673417721518978
-3.4656447688564467
-3.4637062256809332
-3.4622557122022353
-3.460806608357628
-3.4588732394366186
-3.456941747572815
-3.4553954391072286
-3.4537099903006783
-3.451783809985457
-3.4499999999999993
-3.448803874092009
-3.4468828654404637
-3.4449637155297523
-3.4435299806576394
-3.441855969067181
-3.440183574879226
-3.4382713664896176
-3.4365009652509646
-3.4345923781958505
-3.4326856316297003
-3.430780722891565
-3.429118497109826
-3.4272171401059213
-3.4253176130895087
-3.423660413660413
-3.422283653846153
-3.42062950504565
-3.418976945244956
-3.417085933749399
-3.415196737044145
-3.413309352517985
-3.4114237775647167
-3.410158121705797
-3.408275862068965
-3.406673049305887
-3.405033492822966
-3.403156384505021
-3.4012810707456973
-3.3996464405160047
-3.397774594078318
-3.3959045346062045
-3.394036259541984
-3.3923080591320924
-3.3906816015252614
-3.3889566460219145
-3.387571428571428
-3.3857115659209893
-3.383853472882968
-3.3822349025202083
-3.3803802281368815
-3.3785273159144884
-3.376676163342829
-3.374964404366397
-3.373116698292219
-3.3712707444286383
-3.3694265402843593
-3.3675840833728086
-3.3662168560606047
-3.3643776620918113
-3.362540208136233
-3.3611158392434977
-3.359517958412097
-3.3579215871516284
-3.356326723323889
-3.355205285512033
-3.353377358490565
-3.3515511551155104
-3.3501979264844475
-3.348374941121054
-3.3465536723163827
-3.344969411764705
-3.343151458137346
-3.3413352139163126
-3.339755639097743
-3.3379426961014547
-3.3361314553990598
-3.334321914594086
-3.332514071294558
-3.330707923112985
-3.328903467666353
-3.327100702576111
-3.3252996254681637
-3.3235002339728577
-3.3218381665107564
-3.320042075736324
-3.318247663551401
-3.3166884633348888
-3.314897292250232
-3.3132431171255234
-3.3114552238805963
-3.3096689976689966
-3.3080195712954326
-3.306371681415928
-3.3048230912476715
-3.3030432759422976
-3.3013999999999992
-3.299855880985587
-3.2983503717472114
-3.297041337668369
-3.295269266480965
-3.293498839907192
-3.2917300556586264
-3.290097357440889
-3.2884661723818343
-3.2871051412691052
-3.2857083333333326
-3.2841786210087913
-3.282553191489361
-3.281026352288487
-3.2792698706099808
-3.2775150115473433
-3.2757617728531847
-3.2742408860175347
-3.2726245387453865
-3.27156754264638
-3.2702811059907826
-3.268705665591892
-3.26696132596685
-3.2652185918085586
-3.263707451701931
-3.2621977011494243
-3.2604595588235283
-3.258856224161689
-3.257121212121211
-3.255387792565396
-3.253655963302751
-3.2519257221458036
-3.2501970669110896
-3.2488318827301863
-3.247106227106226
-3.24574370709382
-3.244249771271728
-3.2425285779606754
-3.241037477148079
-3.239319323892187
-3.2376027397260265
-3.2361159287996335
-3.234402372262773
-3.232690378476971
-3.230979945305377
-3.2292710706150327
-3.227563752276866
-3.225857988165679
-3.2242857142857133
-3.222582992269212
-3.2208818181818173
-3.2191821899136746
-3.2174841053587637
-3.2157875624148877
-3.2143194192377487
-3.212625850340135
-3.2110652765185845
-3.2093747168101485
-3.207721920289854
-3.2060344047080114
-3.2043484162895917
-3.2027951153324277
-3.201112115732368
-3.199656574785358
-3.1979765130984634
-3.19629796839729
-3.1947518050541506
-3.1930762291384744
-3.1914021641118113
-3.189860297431274
-3.1884144144144133
-3.1869698334083734
-3.1857515751575147
-3.1843094916779116
-3.182643884892085
-3.180979775280898
-3.1793171608265935
-3.1778805568028727
-3.1762208258527815
-3.1745625841184375
-3.1730358744394604
-3.171380546839981
-3.169950716845877
-3.1685221674876836
-3.167094897045657
-3.1657986577181196
-3.1641502683363134
-3.1627268663388457
-3.1612109025915984
-3.1597900848593112
-3.1581473214285705
-3.156506024096385
-3.1549955396966984
-3.1533571110120366
-3.151720142602495
-3.1504365256124713
-3.1490249332146028
-3.147392078326657
-3.145760676156583
-3.1441307247665624
-3.1425022222222214
-3.1410972900932914
-3.139507104795736
-3.1381047492232574
-3.1364818101153498
-3.1348603104212853
-3.1332402482269495
-3.1316216216216213
-3.130004428697962
-3.128388667552014
-3.1270309734513266
-3.1255462184873943
-3.12393457117595
-3.123115333627927
-3.1215061837455824
-3.1198984547461364
-3.118512797881729
-3.1170357300396994
-3.115652557319223
-3.1142706037902155
-3.112704845814977
-3.111105239982386
-3.109727112676055
-3.108350197976242
-3.106754617414247
-3.105160439560439
-3.104007029876976
-3.1024154589371973
-3.100825285338015
-3.099455901711276
-3.0981228070175426
